<style>
.hmisctable692684 {
border: 1px solid gray;
border-collapse: collapse;
font-size: 100%;
}
.hmisctable692684 td {
text-align: right;
padding: 0 1ex 0 1ex;
}
.hmisctable692684 th {
color: Black;
text-align: center;
padding: 0 1ex 0 1ex;
font-weight: bold;
}
</style>
<table class="hmisctable692684" border="1">
<tr><td>c(35, 65)</td></tr>
<tr><td>NULL</td></tr>
<tr><td>c(100, 2.67308397638999e-12, 39.3511126177415, 5.56363362027813, 3.81791530612574e-07, 0.839340659340659, 0.678681318681319, 0.680176211453745, 0.311919191919192, 0.425911422978514, 0.144939651278214, 1.7502531627254, 5.75605971132854, 0.304699982720955)</td></tr>
<tr><td>FALSE</td></tr>
<tr><td>c(-0.656565757875249, 2.27413022732369, 0.294865564863844, -0.176129104012498, 0.877527242790751, 0.516144507651205, 0.098590982377771)</td></tr>
<tr><td>c(0.180343148530426, -0.123435153219127, 0.0135173160574936, -0.082693326722417, -0.0211757640674977, -0.0822587579069907, 0.0142952453131561, -0.123435153219127, 0.350583281827468, -0.0316505285289209, -0.0670632744951876, 0.0624359458237323, -0.0246101381949963, -0.0427583737780471, 0.0135173160574935, -0.0316505285289209, 0.0778153244803652, 0.00465181925679666, -0.00594518431346662, -0.00696295935653253, 0.0126510953975057, -0.082693326722417, -0.0670632744951877, 0.00465181925679667, 0.265100895963435, 
-0.00645722249509261, 0.0140851767915221, 0.00300299864531946, -0.0211757640674977, 0.0624359458237323, -0.00594518431346662, -0.0064572224950926, 0.0676818086128044, -0.00531640305768523, 0.00267852189281174, -0.0822587579069907, -0.0246101381949964, -0.00696295935653253, 0.014085176791522, -0.00531640305768524, 0.288544911452392, -0.007634377811553, 0.014295245313156, -0.0427583737780471, 0.0126510953975057, 0.00300299864531946, 0.00267852189281173, -0.007634377811553, 0.0681685122857209)</td></tr>
<tr><td>c(2.67308397638999e-12, 2.59681165459824e-12, 1.80472303767942e-12, 1.13686837721616e-12, 2.29638530413467e-12, 1.84163795324821e-12, 1.00022073956652e-12)</td></tr>
<tr><td>c(129.489327806926, 92.4926468245579)</td></tr>
<tr><td>1:6</td></tr>
<tr><td>1</td></tr>
<tr><td>c(3.28367169084056, 1.88674552208731, -0.604479242233695, -0.968301297890123, -0.565335211887602, 1.79882601653651, 1.7858626168164, 0.226424395925628, 2.14102708012062, 3.7222136150487, 2.74412536504094, 0.616191533163711, 3.26782151189482, 1.34050138569578, 2.32973988797714, 2.47818918373813, 1.69792126217327, -1.48815593865333, 0.827995656125283, 0.470574482345989, 4.00463422169284, 1.88328693624928, 0.518097127630098, 2.00733969949595, -0.135195611466307, 0.832365295773971, -0.882489636378976, 
0.218749310401316, -0.810696595751716, 2.27344976668823, 3.10861653197816, 1.35964133236765, 1.21047217515598, 1.27347459243726, 1.09733826099668, 2.61781964230856, 1.58715566101498, -0.330094707953633, 0.699841734580521, 1.24952229881999, 2.0149498182066, 0.624521877188338, 1.89177537082917, 0.229015201436644, -0.939336916418865, -0.269279890552278, 0.941197698281454, 1.95009770422153, 0.888479744529923, 2.46762602209621, 0.360206493237762, -2.2550484560412, 1.12832508021044, -1.57839407069964, 
-1.48602292213711, 2.46273532868356, 0.508879512188081, 0.649638529624596, 2.07565335216322, 1.68089253884479, -0.881604617810712, 2.2846493762033, -2.86817318977721, 3.01223186486582, -0.624995331665383, -0.838159723825422, 0.599937505312045, 0.844586784846614, 2.36906668114922, 4.08505357658617, 0.8866350676768, -1.39754492104374, 2.42087217329301, 2.90147487278549, 1.53573906761294, 2.0830352925537, 0.720519072983121, 1.57817647648272, -1.22911723584561, -0.49826479727276, -0.569572403196895, 
-2.19979365339886, 1.80100326133519, 2.55228213152186, -1.25503973203377, 1.25383043577652, 2.25523141863876, -1.79746447814054, 0.439999982928936, 1.09541275655366, -0.916154673704706, 0.560447683746979, -1.42663345026644, -1.60590461107609, -0.798057698358981, 2.2624578448405, 1.95015853776382, -0.192567854242924, 0.252654384948994, 2.09678782735446)</td></tr>
<tr><td>c(0.246060606060606, 0, 0, 0, 0, 0, 0, 0.86150848785499, 0, 0, 0, 0, 0, 0, 0.244343434343435, 0, 0, 0, 0, 0, 0, 1.20287498083919, 0, 0, 0, 0, 0, 0, 0.237979797979798, 0, 0, 0, 0, 0, 0, 1.00056173690166)</td></tr>
<tr><td>c(15.42672881306, 7.38171488657507, 0.00984511126550325, 6.3822941177215, -1.06748174484189, 4.74106531036961, 1.68501603791001, 7.38171488657507, 7.62777549263568, 0.953342399739829, 3.93744634607642, -4.19590252650918, 2.59687618157887, 3.34182486640492, 0.00984511126550325, 0.953342399739829, 13.6113848959023, 0.0177410509161031, 0.42538552223416, 0.369111752965332, -1.90632059108064, 6.3822941177215, 3.93744634607642, 0.0177410509161031, 6.62663755206493, -0.899444800073675, 1.84420168350569, 
1.07801428754203, -1.06748174484189, -4.19590252650918, 0.42538552223416, -0.899444800073675, 18.3624011096266, -0.354586060056802, -3.20854521322694, 4.74106531036961, 2.59687618157887, 0.369111752965332, 1.84420168350569, -0.354586060056802, 4.97904510834941, 1.05646116104544, 1.68501603791001, 3.34182486640492, -1.90632059108064, 1.07801428754203, -3.20854521322694, 1.05646116104544, 16.9630022836428)</td></tr>
<tr><td>NULL</td></tr>
<tr><td>list(simple = 1, nonlinear = 1, interaction = 1, nonlinear.interaction = 1)</td></tr>
<tr><td>c(0.999999999999998, 0.913735265198817, 0.932961437474975, 0.935224336632772, 0.918587245761711, 0.931332140264461, 0.931793194945397)</td></tr>
<tr><td>lrm(formula = y ~ z + x1 + x2 + x3 + x4 + x5, data = data, penalty = 1)</td></tr>
<tr><td>list(name = c("z", "x1", "x2", "x3", "x4", "x5"), label = c("z", "x1", "x2", "x3", "x4", "x5"), units = c("", "", "", "", "", ""), colnames = c("z", "x1", "x2", "x3", "x4", "x5"), mmcolnames = c("z", "x1", "x2", "x3", "x4", "x5"), assume = c("asis", "asis", "asis", "asis", "asis", "asis"), assume.code = c(1, 1, 1, 1, 1, 1), parms = list(), limits = list(z = c(0, 0, 1, 0, 1, 0, 1), x1 = c(-0.578829050710258, 0.0840072341714878, 0.664395568118321, -1.59020752802025, 1.74818049440343, -1.88986530917422, 
2.2407446205156), x2 = c(0, 0, 1, 0, 1, 0, 1), x3 = c(-0.67534019875248, 0.0312962468282928, 0.700273251468483, -1.4931744627809, 1.94502290213841, -2.87956966649476, 2.44065288503535), x4 = c(0, 0, 1, 0, 1, 0, 1), x5 = c(-0.535911213787878, 0.188551428245892, 0.728742701671007, -1.62559638430012, 1.89970850621885, -1.96930540241416, 2.6604971974418)), values = list(), nonlinear = list(z = FALSE, x1 = FALSE, x2 = FALSE, x3 = FALSE, x4 = FALSE, x5 = FALSE), interactions = list())</td></tr>
<tr><td>c("log odds", "Odds Ratio")</td></tr>
<tr><td>y ~ z + x1 + x2 + x3 + x4 + x5</td></tr>
<tr><td>list(z = 2, x1 = 3, x2 = 4, x3 = 5, x4 = 6, x5 = 7)</td></tr>
<tr><td>NULL</td></tr>
<tr><td>FALSE</td></tr>
<tr><td>1</td></tr>
<tr><td>1</td></tr>
<tr><td>y ~ z + x1 + x2 + x3 + x4 + x5</td></tr>
</table>
